   1.00000   93.88889
   2.00000   93.88889
   3.00000   94.44444
   4.00000   94.44444
   5.00000   93.33333
   6.00000   93.88889
   7.00000   93.33333
   8.00000   93.88889
   9.00000   94.44444
  10.00000   93.88889
  30.00000   92.77778
  33.00000   92.22222
  36.00000   91.66667
  39.00000   91.66667
  42.00000   91.11111
  45.00000   91.11111
  48.00000   91.11111
  51.00000   91.11111
  54.00000   91.11111
  57.00000   91.11111
  60.00000   91.11111
  63.00000   90.55556
  66.00000   90.55556
  69.00000   90.55556
  72.00000   90.55556
  75.00000   90.55556
  78.00000   90.55556
  81.00000   90.55556
  84.00000   90.55556
  87.00000   90.55556
  90.00000   90.00000
  93.00000   90.00000
  96.00000   89.44444
  99.00000   89.44444
 102.00000   89.44444
 105.00000   89.44444
 108.00000   89.44444
 111.00000   88.88889
 114.00000   88.88889
 117.00000   88.88889
 120.00000   88.88889
 123.00000   88.33333
 126.00000   88.33333
 129.00000   88.33333
 132.00000   88.33333
 135.00000   88.33333
 138.00000   88.33333
 141.00000   88.33333
 144.00000   88.33333
 147.00000   88.33333
 150.00000   88.33333
