   1.00000   83.52273
   2.00000   83.52273
   3.00000   82.95455
   4.00000   84.65909
   5.00000   81.81818
   6.00000   84.09091
   7.00000   81.81818
   8.00000   82.38636
   9.00000   82.95455
  10.00000   82.95455
  30.00000   80.11364
  33.00000   78.40909
  36.00000   78.40909
  39.00000   78.97727
  42.00000   78.40909
  45.00000   77.84091
  48.00000   77.84091
  51.00000   77.84091
  54.00000   77.27273
  57.00000   75.56818
  60.00000   75.00000
  63.00000   75.56818
  66.00000   75.56818
  69.00000   74.43182
  72.00000   75.56818
  75.00000   73.86364
  78.00000   73.86364
  81.00000   74.43182
  84.00000   72.72727
  87.00000   72.72727
  90.00000   73.86364
  93.00000   73.29545
  96.00000   73.29545
  99.00000   72.72727
 102.00000   72.72727
 105.00000   71.59091
 108.00000   71.59091
 111.00000   71.59091
 114.00000   72.15909
 117.00000   71.59091
 120.00000   71.59091
 123.00000   71.59091
 126.00000   71.02273
 129.00000   70.45455
 132.00000   70.45455
 135.00000   71.02273
 138.00000   70.45455
 141.00000   69.88636
 144.00000   69.88636
 147.00000   69.31818
 150.00000   69.31818
