  89.77273   89.77273   88.63636   88.06818   86.36364   86.36364   82.38636   80.68182   79.54545   80.11364   67.61364   59.65909   50.00000   55.68182   56.25000   56.81818
  90.34091   90.90909   90.90909   89.77273   87.50000   84.09091   81.81818   77.84091   75.00000   76.13636   68.75000   63.06818   56.25000   57.38636   53.97727   53.40909
  87.50000   91.47727   90.90909   91.47727   86.36364   86.93182   81.81818   79.54545   78.40909   78.97727   69.31818   64.77273   62.50000   60.79545   58.52273   57.95455
  89.77273   89.77273   90.90909   91.47727   86.93182   85.22727   84.09091   79.54545   79.54545   81.25000   68.75000   65.90909   61.36364   61.93182   60.22727   57.95455
  89.20455   92.61364   92.04545   92.61364   89.20455   85.79545   82.38636   80.11364   76.13636   78.40909   68.75000   64.77273   61.93182   60.79545   57.95455   57.95455
  89.20455   92.04545   90.90909   90.90909   86.36364   85.79545   83.52273   80.11364   76.13636   78.40909   67.04545   65.34091   59.65909   60.22727   58.52273   57.38636
  90.34091   92.04545   92.61364   93.18182   88.63636   84.65909   83.52273   80.11364   77.27273   79.54545   69.88636   64.20455   60.79545   59.65909   56.81818   57.95455
  89.77273   94.31818   92.04545   92.61364   88.63636   86.36364   82.95455   79.54545   77.27273   80.68182   70.45455   65.34091   60.79545   60.22727   59.09091   57.38636
  90.90909   93.18182   93.18182   91.47727   88.63636   85.22727   83.52273   77.27273   75.56818   79.54545   68.75000   64.20455   61.36364   60.22727   59.65909   59.09091
  86.93182   91.47727   92.04545   90.90909   87.50000   84.09091   81.81818   77.84091   75.56818   79.54545   68.18182   64.77273   62.50000   60.79545   59.09091   59.09091
  89.77273   92.61364   91.47727   92.61364   86.93182   85.79545   83.52273   77.84091   74.43182   80.11364   68.75000   64.20455   62.50000   59.09091   59.65909   59.65909
  87.50000   90.90909   93.18182   91.47727   89.77273   86.93182   82.95455   77.27273   75.56818   77.27273   68.75000   63.63636   61.36364   60.22727   59.09091   58.52273
  89.77273   92.04545   92.61364   91.47727   88.63636   86.36364   83.52273   76.70455   73.29545   78.40909   69.31818   64.20455   60.79545   60.79545   59.65909   58.52273
  89.20455   92.04545   92.04545   90.90909   86.93182   85.22727   83.52273   76.70455   75.00000   77.27273   68.75000   64.20455   61.93182   61.93182   59.09091   58.52273
  88.06818   94.31818   91.47727   92.61364   88.06818   85.79545   82.95455   75.56818   73.29545   78.40909   69.88636   63.63636   61.93182   60.22727   59.65909   59.09091
  89.20455   91.47727   89.20455   91.47727   87.50000   85.22727   83.52273   76.70455   75.56818   78.40909   69.31818   64.20455   61.93182   61.36364   58.52273   57.95455

  Best cell size: 4
  Best orientations: 10
  Accuracy: 91.4772727273
