  86.93182   86.36364   86.36364   87.50000   90.34091   88.63636   88.06818   90.34091   89.20455   89.20455
  92.61364   91.47727   92.04545   91.47727   89.77273   90.90909   92.04545   92.04545   91.47727   92.04545
  92.61364   93.75000   93.18182   93.75000   91.47727   93.75000   92.61364   93.75000   93.75000   92.61364
  91.47727   90.90909   92.61364   92.61364   93.18182   93.18182   92.61364   92.61364   93.75000   92.61364
  79.54545   93.18182   76.70455   75.56818   78.40909   79.54545   93.18182   93.18182   93.75000   77.84091
  73.86364   76.70455   74.43182   73.86364   75.56818   75.00000   75.56818   74.43182   75.56818   75.56818
  72.72727   73.86364   75.56818   75.00000   73.86364   74.43182   76.70455   71.59091   72.72727   74.43182
  73.29545   73.86364   75.00000   75.00000   76.13636   75.56818   74.43182   75.00000   76.13636   75.56818
  73.29545   75.00000   72.72727   75.00000   75.00000   77.27273   73.29545   72.72727   74.43182   75.56818
  75.56818   75.56818   74.43182   73.86364   74.43182   76.13636   77.27273   71.59091   73.29545   74.43182
